100 100 Ok 3
100 1000 Ok 10
100 10000 Ok 68
100 100000 Ok 638
100 1000000 Ok 5457
100 10000000 Ok 54827
100 100000000 Ok 559270
100 1000000000 Ok 6080367
100 10000000000 Failed 1427
1000 100 Ok 17
1000 1000 Ok 28
1000 10000 Ok 127
1000 100000 Ok 806
1000 1000000 Ok 6362
1000 10000000 Ok 61084
1000 100000000 Ok 571324
1000 1000000000 Ok 5599765
1000 10000000000 Failed 238
10000 100 Ok 150
10000 1000 Ok 156
10000 10000 Ok 262
10000 100000 Ok 1224
10000 1000000 Ok 6160
10000 10000000 Ok 54794
10000 100000000 Ok 540980
10000 1000000000 Ok 5854448
10000 10000000000 Failed 313
100000 100 Ok 1468
100000 1000 Ok 1455
100000 10000 Ok 1572
100000 100000 Ok 2784
100000 1000000 Ok 9658
100000 10000000 Ok 57350
100000 100000000 Ok 522096
100000 1000000000 Ok 5440662
100000 10000000000 Failed 751
1000000 100 Ok 14864
1000000 1000 Ok 15621
1000000 10000 Ok 14783
1000000 100000 Ok 19302
1000000 1000000 Ok 44376
1000000 10000000 Ok 110434
1000000 100000000 Ok 607387
1000000 1000000000 Ok 5647782
1000000 10000000000 Failed 5277
10000000 100 Ok 148233
10000000 1000 Ok 144126
10000000 10000 Ok 146495
10000000 100000 Ok 175712
10000000 1000000 Ok 244789
10000000 10000000 Ok 665587
10000000 100000000 Ok 1269445
10000000 1000000000 Ok 6205187
10000000 10000000000 Failed 48448
100000000 100 Ok 1440066
100000000 1000 Ok 1472570
100000000 10000 Ok 1455487
100000000 100000 Ok 1647025
100000000 1000000 Ok 2612843
100000000 10000000 Ok 4565619
100000000 100000000 Ok 6892977
100000000 1000000000 Ok 13349808
100000000 10000000000 Failed 507818
