100 100 Ok 10
100 1000 Ok 10
100 10000 Ok 10
100 100000 Ok 11
100 1000000 Ok 11
100 10000000 Ok 11
100 100000000 Ok 11
100 1000000000 Ok 11
100 10000000000 Ok 11
1000 100 Ok 130
1000 1000 Ok 145
1000 10000 Ok 155
1000 100000 Ok 150
1000 1000000 Ok 148
1000 10000000 Ok 144
1000 100000000 Ok 143
1000 1000000000 Ok 138
1000 10000000000 Ok 137
10000 100 Ok 1695
10000 1000 Ok 1626
10000 10000 Ok 1912
10000 100000 Ok 2111
10000 1000000 Ok 1985
10000 10000000 Ok 1827
10000 100000000 Ok 1779
10000 1000000000 Ok 1786
10000 10000000000 Ok 1807
100000 100 Ok 18526
100000 1000 Ok 18701
100000 10000 Ok 21214
100000 100000 Ok 21863
100000 1000000 Ok 21991
100000 10000000 Ok 22087
100000 100000000 Ok 22018
100000 1000000000 Ok 22821
100000 10000000000 Ok 22995
1000000 100 Ok 223071
1000000 1000 Ok 251134
1000000 10000 Ok 230550
1000000 100000 Ok 254176
1000000 1000000 Ok 267004
1000000 10000000 Ok 305254
1000000 100000000 Ok 266310
1000000 1000000000 Ok 346526
1000000 10000000000 Ok 287062
10000000 100 Ok 2663339
10000000 1000 Ok 2631785
10000000 10000 Ok 2633617
10000000 100000 Ok 2706179
10000000 1000000 Ok 2919536
10000000 10000000 Ok 3128366
10000000 100000000 Ok 3033879
10000000 1000000000 Ok 3039993
10000000 10000000000 Ok 3067490
100000000 100 Ok 29083655
100000000 1000 Ok 30320671
100000000 10000 Ok 30016534
100000000 100000 Ok 30736779
100000000 1000000 Ok 32148070
100000000 10000000 Ok 34273166
100000000 100000000 Ok 35404576
100000000 1000000000 Ok 35212302
100000000 10000000000 Ok 36682579
