100 100 Ok 41
100 1000 Ok 34
100 10000 Ok 34
100 100000 Ok 34
100 1000000 Ok 37
100 10000000 Ok 36
100 100000000 Ok 37
100 1000000000 Ok 38
100 10000000000 Ok 36
1000 100 Ok 406
1000 1000 Ok 452
1000 10000 Ok 397
1000 100000 Ok 393
1000 1000000 Ok 370
1000 10000000 Ok 361
1000 100000000 Ok 391
1000 1000000000 Ok 344
1000 10000000000 Ok 406
10000 100 Ok 4146
10000 1000 Ok 4126
10000 10000 Ok 4426
10000 100000 Ok 4251
10000 1000000 Ok 3901
10000 10000000 Ok 4334
10000 100000000 Ok 3806
10000 1000000000 Ok 4450
10000 10000000000 Ok 3752
100000 100 Ok 40346
100000 1000 Ok 40355
100000 10000 Ok 43057
100000 100000 Ok 43473
100000 1000000 Ok 41686
100000 10000000 Ok 42151
100000 100000000 Ok 42248
100000 1000000000 Ok 42416
100000 10000000000 Ok 42875
1000000 100 Ok 476166
1000000 1000 Ok 480412
1000000 10000 Ok 472909
1000000 100000 Ok 505146
1000000 1000000 Ok 522373
1000000 10000000 Ok 489742
1000000 100000000 Ok 493275
1000000 1000000000 Ok 495074
1000000 10000000000 Ok 514198
10000000 100 Ok 4845340
10000000 1000 Ok 5035272
10000000 10000 Ok 5076359
10000000 100000 Ok 5306183
10000000 1000000 Ok 5376752
10000000 10000000 Ok 5472128
10000000 100000000 Ok 5655177
10000000 1000000000 Ok 5390352
10000000 10000000000 Ok 5440118
100000000 100 Ok 51148471
100000000 1000 Ok 52813741
100000000 10000 Ok 54232557
100000000 100000 Ok 55979073
100000000 1000000 Ok 59619599
100000000 10000000 Ok 60916499
100000000 100000000 Ok 61299385
100000000 1000000000 Ok 60717671
100000000 10000000000 Ok 62960623
