100 100 Ok 9
100 1000 Ok 9
100 10000 Ok 9
100 100000 Ok 11
100 1000000 Ok 9
100 10000000 Ok 9
100 100000000 Ok 11
100 1000000000 Ok 40
100 10000000000 Ok 9
1000 100 Ok 107
1000 1000 Ok 111
1000 10000 Ok 143
1000 100000 Ok 114
1000 1000000 Ok 114
1000 10000000 Ok 110
1000 100000000 Ok 120
1000 1000000000 Ok 116
1000 10000000000 Ok 140
10000 100 Ok 1252
10000 1000 Ok 1231
10000 10000 Ok 1310
10000 100000 Ok 1798
10000 1000000 Ok 1397
10000 10000000 Ok 1329
10000 100000000 Ok 1393
10000 1000000000 Ok 1647
10000 10000000000 Ok 1283
100000 100 Ok 14606
100000 1000 Ok 14627
100000 10000 Ok 16513
100000 100000 Ok 16268
100000 1000000 Ok 16931
100000 10000000 Ok 16441
100000 100000000 Ok 16142
100000 1000000000 Ok 17438
100000 10000000000 Ok 17259
1000000 100 Ok 166090
1000000 1000 Ok 171135
1000000 10000 Ok 191568
1000000 100000 Ok 202719
1000000 1000000 Ok 188881
1000000 10000000 Ok 180800
1000000 100000000 Ok 188510
1000000 1000000000 Ok 185390
1000000 10000000000 Ok 207524
10000000 100 Ok 1655884
10000000 1000 Ok 1770130
10000000 10000 Ok 1789971
10000000 100000 Ok 1900933
10000000 1000000 Ok 2019359
10000000 10000000 Ok 2096694
10000000 100000000 Ok 2170092
10000000 1000000000 Ok 2065563
10000000 10000000000 Ok 2067870
100000000 100 Ok 18185214
100000000 1000 Ok 18890442
100000000 10000 Ok 19533664
100000000 100000 Ok 20497040
100000000 1000000 Ok 22356743
100000000 10000000 Ok 23538601
100000000 100000000 Ok 24244102
100000000 1000000000 Ok 24339171
100000000 10000000000 Ok 23967213
