100 100 Ok 6
100 1000 Ok 10
100 10000 Ok 10
100 100000 Ok 14
100 1000000 Ok 14
100 10000000 Ok 14
100 100000000 Ok 101
100 1000000000 Ok 18
100 10000000000 Ok 22
1000 100 Ok 44
1000 1000 Ok 113
1000 10000 Ok 159
1000 100000 Ok 115
1000 1000000 Ok 206
1000 10000000 Ok 112
1000 100000000 Ok 240
1000 1000000000 Ok 147
1000 10000000000 Ok 275
10000 100 Ok 440
10000 1000 Ok 1053
10000 10000 Ok 807
10000 100000 Ok 1433
10000 1000000 Ok 1160
10000 10000000 Ok 1133
10000 100000000 Ok 1772
10000 1000000000 Ok 1548
10000 10000000000 Ok 2083
100000 100 Ok 4309
100000 1000 Ok 7843
100000 10000 Ok 7598
100000 100000 Ok 11185
100000 1000000 Ok 11186
100000 10000000 Ok 11088
100000 100000000 Ok 15027
100000 1000000000 Ok 14491
100000 10000000000 Ok 18012
1000000 100 Ok 42382
1000000 1000 Ok 76727
1000000 10000 Ok 76002
1000000 100000 Ok 108648
1000000 1000000 Ok 109372
1000000 10000000 Ok 114810
1000000 100000000 Ok 144692
1000000 1000000000 Ok 146463
1000000 10000000000 Ok 177910
10000000 100 Ok 422150
10000000 1000 Ok 748604
10000000 10000 Ok 780188
10000000 100000 Ok 1133248
10000000 1000000 Ok 1124099
10000000 10000000 Ok 1148146
10000000 100000000 Ok 1435640
10000000 1000000000 Ok 1470463
10000000 10000000000 Ok 1802442
100000000 100 Ok 4222750
100000000 1000 Ok 7671230
100000000 10000 Ok 7683828
100000000 100000 Ok 11201077
100000000 1000000 Ok 11052295
100000000 10000000 Ok 11051114
100000000 100000000 Ok 14397284
100000000 1000000000 Ok 14662671
100000000 10000000000 Ok 18051589
