100 100 Ok 9
100 1000 Ok 12
100 10000 Ok 16
100 100000 Ok 21
100 1000000 Ok 27
100 10000000 Ok 31
100 100000000 Ok 35
100 1000000000 Ok 40
100 10000000000 Ok 41
1000 100 Ok 82
1000 1000 Ok 184
1000 10000 Ok 154
1000 100000 Ok 189
1000 1000000 Ok 227
1000 10000000 Ok 263
1000 100000000 Ok 300
1000 1000000000 Ok 329
1000 10000000000 Ok 360
10000 100 Ok 895
10000 1000 Ok 1427
10000 10000 Ok 2185
10000 100000 Ok 1938
10000 1000000 Ok 2263
10000 10000000 Ok 2719
10000 100000000 Ok 3086
10000 1000000000 Ok 3251
10000 10000000000 Ok 3596
100000 100 Ok 7920
100000 1000 Ok 11314
100000 10000 Ok 15225
100000 100000 Ok 18421
100000 1000000 Ok 21848
100000 10000000 Ok 25714
100000 100000000 Ok 29446
100000 1000000000 Ok 33324
100000 10000000000 Ok 37119
1000000 100 Ok 80119
1000000 1000 Ok 117246
1000000 10000 Ok 165742
1000000 100000 Ok 194174
1000000 1000000 Ok 226947
1000000 10000000 Ok 264079
1000000 100000000 Ok 300596
1000000 1000000000 Ok 356541
1000000 10000000000 Ok 388759
10000000 100 Ok 817968
10000000 1000 Ok 1163442
10000000 10000 Ok 1506259
10000000 100000 Ok 1871880
10000000 1000000 Ok 2224318
10000000 10000000 Ok 2710744
10000000 100000000 Ok 2959693
10000000 1000000000 Ok 3299087
10000000 10000000000 Ok 3660841
100000000 100 Ok 7962347
100000000 1000 Ok 11547205
100000000 10000 Ok 15133184
100000000 100000 Ok 18511245
100000000 1000000 Ok 23260822
100000000 10000000 Ok 26504628
100000000 100000000 Ok 30099052
100000000 1000000000 Ok 33141599
100000000 10000000000 Ok 37475606
