100 100 Ok 9
100 1000 Ok 9
100 10000 Ok 9
100 100000 Ok 10
100 1000000 Ok 9
100 10000000 Ok 9
100 100000000 Ok 10
100 1000000000 Ok 10
100 10000000000 Ok 10
1000 100 Ok 150
1000 1000 Ok 166
1000 10000 Ok 158
1000 100000 Ok 167
1000 1000000 Ok 158
1000 10000000 Ok 179
1000 100000000 Ok 168
1000 1000000000 Ok 157
1000 10000000000 Ok 159
10000 100 Ok 2234
10000 1000 Ok 2757
10000 10000 Ok 2810
10000 100000 Ok 3135
10000 1000000 Ok 2666
10000 10000000 Ok 2523
10000 100000000 Ok 2799
10000 1000000000 Ok 2659
10000 10000000000 Ok 2621
100000 100 Ok 23752
100000 1000 Ok 31225
100000 10000 Ok 35825
100000 100000 Ok 36856
100000 1000000 Ok 37373
100000 10000000 Ok 38532
100000 100000000 Ok 38222
100000 1000000000 Ok 41366
100000 10000000000 Ok 39180
1000000 100 Ok 284992
1000000 1000 Ok 417018
1000000 10000 Ok 521586
1000000 100000 Ok 519204
1000000 1000000 Ok 557158
1000000 10000000 Ok 542683
1000000 100000000 Ok 538898
1000000 1000000000 Ok 563325
1000000 10000000000 Ok 605062
10000000 100 Ok 3237665
10000000 1000 Ok 4673093
10000000 10000 Ok 6264116
10000000 100000 Ok 7618002
10000000 1000000 Ok 7837877
10000000 10000000 Ok 8542664
10000000 100000000 Ok 7944765
10000000 1000000000 Ok 7786244
10000000 10000000000 Ok 8379425
100000000 100 Ok 37369433
100000000 1000 Ok 54994843
100000000 10000 Ok 81239182
100000000 100000 Ok 109528767
100000000 1000000 Ok 120098214
100000000 10000000 Ok 126411129
100000000 100000000 Ok 125023310
100000000 1000000000 Ok 124868860
100000000 10000000000 Ok 133444237
