100 100 Ok 9
100 1000 Ok 39
100 10000 Ok 132
100 100000 Ok 1028
100 1000000 Ok 8050
100 10000000 Ok 74732
100 100000000 Ok 622260
100 1000000000 Ok 7541976
1000 100 Ok 3874843
1000 1000 Ok 3777569
1000 10000 Ok 3807559
1000 100000 Ok 3825654
1000 1000000 Ok 3534486
1000 10000000 Ok 3454841
1000 100000000 Ok 3514079
1000 1000000000 Ok 3506127
10000 100 Ok 3384131
10000 1000 Ok 3343783
10000 10000 Ok 3480489
10000 100000 Ok 3458400
10000 1000000 Ok 3289174
10000 10000000 Ok 3379044
10000 100000000 Ok 3514039
10000 1000000000 Ok 3984083
100000 100 Ok 3359183
100000 1000 Ok 3456495
100000 10000 Ok 3485255
100000 100000 Ok 3376945
100000 1000000 Ok 3372658
100000 10000000 Ok 3499124
100000 100000000 Ok 3322510
100000 1000000000 Ok 3373247
1000000 100 Ok 3414058
1000000 1000 Ok 3418350
1000000 10000 Ok 3393369
1000000 100000 Ok 3632072
1000000 1000000 Ok 3547131
1000000 10000000 Ok 3488691
1000000 100000000 Ok 3386572
1000000 1000000000 Ok 3615080
10000000 100 Ok 3716879
10000000 1000 Ok 3710881
10000000 10000 Ok 3889126
10000000 100000 Ok 3814227
10000000 1000000 Ok 3989390
10000000 10000000 Ok 4211740
10000000 100000000 Ok 4679455
10000000 1000000000 Ok 4881859
