100 100 Ok 10
100 1000 Ok 19
100 10000 Ok 42
100 100000 Ok 35
100 1000000 Ok 52
100 10000000 Ok 67
100 100000000 Ok 71
100 1000000000 Ok 73
1000 100 Ok 249
1000 1000 Ok 351
1000 10000 Ok 476
1000 100000 Ok 589
1000 1000000 Ok 682
1000 10000000 Ok 1215
1000 100000000 Ok 992
1000 1000000000 Ok 1173
10000 100 Ok 3302
10000 1000 Ok 4910
10000 10000 Ok 6121
10000 100000 Ok 7518
10000 1000000 Ok 8821
10000 10000000 Ok 10690
10000 100000000 Ok 11906
10000 1000000000 Ok 13552
100000 100 Ok 38253
100000 1000 Ok 57844
100000 10000 Ok 71316
100000 100000 Ok 89533
100000 1000000 Ok 105995
100000 10000000 Ok 167018
100000 100000000 Ok 190282
100000 1000000000 Ok 208915
1000000 100 Ok 449540
1000000 1000 Ok 669105
1000000 10000 Ok 910939
1000000 100000 Ok 1107740
1000000 1000000 Ok 1232928
1000000 10000000 Ok 1451452
1000000 100000000 Ok 1920731
1000000 1000000000 Ok 2107155
10000000 100 Ok 4455105
10000000 1000 Ok 7913154
10000000 10000 Ok 10089503
10000000 100000 Ok 12094864
10000000 1000000 Ok 14134798
10000000 10000000 Ok 20954074
10000000 100000000 Ok 20808600
10000000 1000000000 Ok 22938790
