100 100 Ok 19
100 1000 Ok 38
100 10000 Ok 57
100 100000 Ok 75
100 1000000 Ok 106
100 10000000 Ok 163
100 100000000 Ok 187
100 1000000000 Ok 211
100 10000000000 Ok 229
1000 100 Ok 527
1000 1000 Ok 828
1000 10000 Ok 1122
1000 100000 Ok 1757
1000 1000000 Ok 1305
1000 10000000 Ok 1478
1000 100000000 Ok 1700
1000 1000000000 Ok 2724
1000 10000000000 Ok 2105
10000 100 Ok 4991
10000 1000 Ok 7342
10000 10000 Ok 8960
10000 100000 Ok 11002
10000 1000000 Ok 13692
10000 10000000 Ok 16278
10000 100000000 Ok 18351
10000 1000000000 Ok 21878
10000 10000000000 Ok 24086
100000 100 Ok 47549
100000 1000 Ok 70724
100000 10000 Ok 95939
100000 100000 Ok 121977
100000 1000000 Ok 147841
100000 10000000 Ok 176076
100000 100000000 Ok 194715
100000 1000000000 Ok 223212
100000 10000000000 Ok 252505
1000000 100 Ok 497786
1000000 1000 Ok 800910
1000000 10000 Ok 1043412
1000000 100000 Ok 1347928
1000000 1000000 Ok 1644520
1000000 10000000 Ok 1952936
1000000 100000000 Ok 2247500
1000000 1000000000 Ok 2517476
1000000 10000000000 Ok 2860458
10000000 100 Ok 5480401
10000000 1000 Ok 8307802
10000000 10000 Ok 11392921
10000000 100000 Ok 14432666
10000000 1000000 Ok 17769766
10000000 10000000 Ok 21185870
10000000 100000000 Ok 24802339
10000000 1000000000 Ok 28179478
10000000 10000000000 Ok 31181672
100000000 100 Ok 59606596
100000000 1000 Ok 90983785
100000000 10000 Ok 125652093
100000000 100000 Ok 160720306
100000000 1000000 Ok 198233934
100000000 10000000 Ok 245055699
100000000 100000000 Ok 287722811
100000000 1000000000 Ok 351475642
100000000 10000000000 Ok 398518508
