100 100 Ok 6
100 1000 Ok 11
100 10000 Ok 32
100 100000 Ok 49
100 1000000 Ok 169
100 10000000 Ok 237
100 100000000 Ok 294
100 1000000000 Ok 426
100 10000000000 Ok 558
1000 100 Ok 184
1000 1000 Ok 306
1000 10000 Ok 407
1000 100000 Ok 430
1000 1000000 Ok 587
1000 10000000 Ok 731
1000 100000000 Ok 736
1000 1000000000 Ok 786
1000 10000000000 Ok 1316
10000 100 Ok 2634
10000 1000 Ok 2865
10000 10000 Ok 4696
10000 100000 Ok 4945
10000 1000000 Ok 6299
10000 10000000 Ok 7282
10000 100000000 Ok 8520
10000 1000000000 Ok 9555
10000 10000000000 Ok 10800
100000 100 Ok 19804
100000 1000 Ok 28956
100000 10000 Ok 41130
100000 100000 Ok 54814
100000 1000000 Ok 66299
100000 10000000 Ok 79054
100000 100000000 Ok 90147
100000 1000000000 Ok 104070
100000 10000000000 Ok 116901
1000000 100 Ok 218089
1000000 1000 Ok 324191
1000000 10000 Ok 440615
1000000 100000 Ok 572972
1000000 1000000 Ok 721584
1000000 10000000 Ok 855217
1000000 100000000 Ok 1011998
1000000 1000000000 Ok 1133087
1000000 10000000000 Ok 1279343
10000000 100 Ok 2351873
10000000 1000 Ok 3539642
10000000 10000 Ok 4811083
10000000 100000 Ok 6117645
10000000 1000000 Ok 7685787
10000000 10000000 Ok 9313747
10000000 100000000 Ok 10840285
10000000 1000000000 Ok 12498098
10000000 10000000000 Ok 13926718
100000000 100 Ok 26111799
100000000 1000 Ok 38682679
100000000 10000 Ok 51795182
100000000 100000 Ok 65956552
100000000 1000000 Ok 82239826
100000000 10000000 Ok 99269881
100000000 100000000 Ok 115889772
100000000 1000000000 Ok 134797098
100000000 10000000000 Ok 158380487
