100 100 Ok 2
100 1000 Ok 5
100 10000 Ok 8
100 100000 Ok 14
100 1000000 Ok 20
100 10000000 Ok 23
100 100000000 Ok 32
100 1000000000 Ok 37
100 10000000000 Ok 87
1000 100 Ok 179
1000 1000 Ok 153
1000 10000 Ok 253
1000 100000 Ok 436
1000 1000000 Ok 307
1000 10000000 Ok 356
1000 100000000 Ok 433
1000 1000000000 Ok 490
1000 10000000000 Ok 523
10000 100 Ok 1883
10000 1000 Ok 1646
10000 10000 Ok 2054
10000 100000 Ok 2550
10000 1000000 Ok 3065
10000 10000000 Ok 3603
10000 100000000 Ok 3866
10000 1000000000 Ok 4425
10000 10000000000 Ok 4876
100000 100 Ok 10005
100000 1000 Ok 14823
100000 10000 Ok 20451
100000 100000 Ok 25084
100000 1000000 Ok 34975
100000 10000000 Ok 35341
100000 100000000 Ok 40109
100000 1000000000 Ok 50666
100000 10000000000 Ok 51423
1000000 100 Ok 102474
1000000 1000 Ok 153569
1000000 10000 Ok 201922
1000000 100000 Ok 253751
1000000 1000000 Ok 307122
1000000 10000000 Ok 363699
1000000 100000000 Ok 440777
1000000 1000000000 Ok 498217
1000000 10000000000 Ok 508791
10000000 100 Ok 1010250
10000000 1000 Ok 1519825
10000000 10000 Ok 2065357
10000000 100000 Ok 2576356
10000000 1000000 Ok 3034484
10000000 10000000 Ok 3602715
10000000 100000000 Ok 4094807
10000000 1000000000 Ok 4593334
10000000 10000000000 Ok 5150731
100000000 100 Ok 10410472
100000000 1000 Ok 15585602
100000000 10000 Ok 21219711
100000000 100000 Ok 26939838
100000000 1000000 Ok 43160143
100000000 10000000 Ok 49190357
100000000 100000000 Ok 61036336
100000000 1000000000 Ok 194599819
100000000 10000000000 Ok 302338069
