100 100 Ok 3
100 1000 Ok 7
100 10000 Ok 14
100 100000 Ok 21
100 1000000 Ok 40
100 10000000 Ok 50
100 100000000 Ok 62
100 1000000000 Ok 87
100 10000000000 Ok 170
1000 100 Ok 353
1000 1000 Ok 1265
1000 10000 Ok 630
1000 100000 Ok 909
1000 1000000 Ok 656
1000 10000000 Ok 1520
1000 100000000 Ok 837
1000 1000000000 Ok 952
1000 10000000000 Ok 1054
10000 100 Ok 2140
10000 1000 Ok 4020
10000 10000 Ok 5025
10000 100000 Ok 6075
10000 1000000 Ok 6414
10000 10000000 Ok 7432
10000 100000000 Ok 8455
10000 1000000000 Ok 9223
10000 10000000000 Ok 10531
100000 100 Ok 21109
100000 1000 Ok 36247
100000 10000 Ok 40922
100000 100000 Ok 51533
100000 1000000 Ok 62625
100000 10000000 Ok 71598
100000 100000000 Ok 82362
100000 1000000000 Ok 92871
100000 10000000000 Ok 104537
1000000 100 Ok 225945
1000000 1000 Ok 312271
1000000 10000 Ok 410868
1000000 100000 Ok 513357
1000000 1000000 Ok 618526
1000000 10000000 Ok 740093
1000000 100000000 Ok 826563
1000000 1000000000 Ok 945238
1000000 10000000000 Ok 1034701
10000000 100 Ok 2076404
10000000 1000 Ok 3124626
10000000 10000 Ok 4094225
10000000 100000 Ok 5166623
10000000 1000000 Ok 6166485
10000000 10000000 Ok 7230343
10000000 100000000 Ok 8229898
10000000 1000000000 Ok 9424909
10000000 10000000000 Ok 10405898
100000000 100 Ok 20820995
100000000 1000 Ok 31330138
100000000 10000 Ok 42346765
100000000 100000 Ok 52947630
100000000 1000000 Ok 77714052
100000000 10000000 Ok 85473914
100000000 100000000 Ok 108656437
100000000 1000000000 Ok 301353067
100000000 10000000000 Ok 550131844
