100 100 Ok 12
100 1000 Ok 12
100 10000 Ok 12
100 100000 Ok 12
100 1000000 Ok 12
100 10000000 Ok 21
100 100000000 Ok 18
100 1000000000 Ok 13
100 10000000000 Ok 12
1000 100 Ok 172
1000 1000 Ok 184
1000 10000 Ok 180
1000 100000 Ok 180
1000 1000000 Ok 714
1000 10000000 Ok 179
1000 100000000 Ok 192
1000 1000000000 Ok 178
1000 10000000000 Ok 212
10000 100 Ok 2156
10000 1000 Ok 2690
10000 10000 Ok 2950
10000 100000 Ok 2869
10000 1000000 Ok 2969
10000 10000000 Ok 3158
10000 100000000 Ok 3018
10000 1000000000 Ok 3237
10000 10000000000 Ok 3550
100000 100 Ok 25733
100000 1000 Ok 35341
100000 10000 Ok 41514
100000 100000 Ok 40908
100000 1000000 Ok 42294
100000 10000000 Ok 46229
100000 100000000 Ok 42097
100000 1000000000 Ok 44239
100000 10000000000 Ok 43904
1000000 100 Ok 312249
1000000 1000 Ok 444019
1000000 10000 Ok 521637
1000000 100000 Ok 564072
1000000 1000000 Ok 595048
1000000 10000000 Ok 612820
1000000 100000000 Ok 614173
1000000 1000000000 Ok 627513
1000000 10000000000 Ok 595566
10000000 100 Ok 3502626
10000000 1000 Ok 4946871
10000000 10000 Ok 6719591
10000000 100000 Ok 7923260
10000000 1000000 Ok 8278198
10000000 10000000 Ok 8475504
10000000 100000000 Ok 8245833
10000000 1000000000 Ok 8572408
10000000 10000000000 Ok 8797604
100000000 100 Ok 31034546
100000000 1000 Ok 57799158
100000000 10000 Ok 84800309
100000000 100000 Ok 109247750
100000000 1000000 Ok 120704093
100000000 10000000 Ok 79248739
100000000 100000000 Ok 105514293
100000000 1000000000 Ok 109208549
100000000 10000000000 Ok 110610405
