100 100 Ok 19
100 1000 Ok 37
100 10000 Ok 51
100 100000 Ok 69
100 1000000 Ok 175
100 10000000 Ok 99
100 100000000 Ok 108
100 1000000000 Ok 135
100 10000000000 Ok 137
1000 100 Ok 460
1000 1000 Ok 824
1000 10000 Ok 2540
1000 100000 Ok 1200
1000 1000000 Ok 1332
1000 10000000 Ok 2113
1000 100000000 Ok 1723
1000 1000000000 Ok 2010
1000 10000000000 Ok 2611
10000 100 Ok 7200
10000 1000 Ok 11898
10000 10000 Ok 17583
10000 100000 Ok 24632
10000 1000000 Ok 26263
10000 10000000 Ok 23120
10000 100000000 Ok 27509
10000 1000000000 Ok 38742
10000 10000000000 Ok 31991
100000 100 Ok 71688
100000 1000 Ok 111967
100000 10000 Ok 135352
100000 100000 Ok 168094
100000 1000000 Ok 210712
100000 10000000 Ok 223848
100000 100000000 Ok 260988
100000 1000000000 Ok 350517
100000 10000000000 Ok 328288
1000000 100 Ok 1122307
1000000 1000 Ok 1131634
1000000 10000 Ok 1547507
1000000 100000 Ok 1869869
1000000 1000000 Ok 2281167
1000000 10000000 Ok 2282102
1000000 100000000 Ok 2874786
1000000 1000000000 Ok 4499865
1000000 10000000000 Ok 4005468
10000000 100 Ok 9448728
10000000 1000 Ok 15166776
10000000 10000 Ok 19400513
10000000 100000 Ok 16032258
10000000 1000000 Ok 17349173
10000000 10000000 Ok 21255195
10000000 100000000 Ok 21907737
10000000 1000000000 Ok 26203889
10000000 10000000000 Ok 30161279
100000000 100 Ok 82188217
100000000 1000 Ok 124009625
100000000 10000 Ok 140307018
100000000 100000 Ok 199219576
100000000 1000000 Ok 198494316
100000000 10000000 Ok 346208343
100000000 100000000 Ok 335932453
100000000 1000000000 Ok 352170245
100000000 10000000000 Ok 417966084
